skype

zoomin
SENDIR;NEC;40BF05FA;32

zoomout
SENDIR;NEC;40BF07F8;32

back
SENDIR;NEC;40BF857A;32

home
SENDIR;NEC;40BF8778;32

up
SENDIR;NEC;40BF0DF2;32

left
SENDIR;NEC;40BF15EA;32

ok
SENDIR;NEC;40BF17E8;32

right
SENDIR;NEC;40BF16E9;32

down
SENDIR;NEC;40BF0EF1;32



samsung tv

hdmi1
SENDIR;SAMSUNG;E0E09768;32

hdmi2
SENDIR;SAMSUNG;E0E07D82;32

hdmi3
SENDIR;SAMSUNG;E0E043BC;32

hdmi4
SENDIR;SAMSUNG;E0E0A35C;32

poweron
SENDIR;SAMSUNG;E0E09966;32

poweroff
SENDIR;SAMSUNG;E0E019E6;32

volup
SENDIR;SAMSUNG;E0E0E01F;32

voldown
SENDIR;SAMSUNG;E0E0D02F;32

mute
SENDIR;SAMSUNG;E0E0F00F;32

PiP
SENDIR;SAMSUNG;E0E004FB;32



hdmi-switch
hdmia1
SENDIR;NEC;FF00FF;32

hdmia2
SENDIR;NEC;FF807F;32

hdmia3
SENDIR;NEC;FF40BF;32

hdmia4
SENDIR;NEC;FFC03F;32

hdmib1
SENDIR;NEC;FF906F;32

hdmib2
SENDIR;NEC;FF50AF;32

hdmib3
SENDIR;NEC;FFD02F;32

hdmib4
SENDIR;NEC;FF30CF;32

lefta
SENDIR;NEC;FF20DF;32

righta
SENDIR;NEC;FFA05F;32

leftb
SENDIR;NEC;FFB04F;32

rightb
SENDIR;NEC;FF708F;32










answer
886,442;54,56;54,164;56,56;50,60;52,54;56,56;52,58;50,56;54,166;54,56;54,164;54,164;54,164;54,166;54,164;54,164;54,56;52,58;52,166;52,56;54,56;54,164;54,164;54,164;56,164;54,164;54,56;52,166;52,166;52,56;54,56;54,56;52,3952;880,220;54,0

hangup
884,446;50,58;54,164;54,56;54,56;50,58;54,56;54,56;50,60;52,166;52,56;54,164;54,164;54,166;52,166;54,164;54,164;54,56;54,56;52,168;50,56;54,56;54,164;56,54;52,168;50,168;52,166;52,58;52,168;50,168;50,56;54,166;54,56;54,3948;880,220;56,0

micmute
888,446;48,60;50,168;52,58;52,58;52,58;50,58;52,58;52,58;50,168;50,58;52,168;50,166;52,166;52,168;52,166;52,166;52,58;52,58;52,60;48,58;52,166;52,166;54,58;50,60;48,170;48,170;50,168;50,168;50,58;52,58;52,168;50,168;50,3952;880,224;48,0

del
888,446;50,60;48,170;48,58;52,58;52,60;48,58;52,60;50,60;50,168;50,60;48,170;48,170;50,168;50,170;48,170;48,170;48,60;50,60;50,60;48,60;50,60;52,166;52,166;52,58;52,166;52,168;52,166;52,166;52,166;52,58;50,58;52,168;50,3952;878,226;48,0



SENDIR;RAW;4600,4400,650,1600,600,1700,550,1700,550,550,550,550,550,550,550,600,500,600,500,1800,500,1700,550,1750,500,600,500,600,500,600,550,600,500,600,500,600,500,1750,500,600,500,650,500,600,500,600,500,650,500,600,500,1750,500,600,500,1750,500,1750,500,1750,500,1750,500,1750,500,1750,500,0;38



unsigned int S_pwr[68]={4650,4350,700,1600,600,1650,600,1650,600,500,600,550,550,550,550,600,500,600,500,1750,550,1700,550,1700,550,550,550,600,500,600,550,550,550,600,500,600,500,1750,500,600,550,550,550,600,500,600,550,550,550,600,500,1750,500,600,500,1750,550,1700,550,1700,550,1700,550,1700,550,1700,550};

SENDIR;RAW;4650,4350,700,1600,600,1650,600,1650,600,500,600,550,550,550,550,600,500,600,500,1750,550,1700,550,1700,550,550,550,600,500,600,550,550,550,600,500,600,500,1750,500,600,550,550,550,600,500,600,550,550,550,600,500,1750,500,600,500,1750,550,1700,550,1700,550,1700,550,1700,550,1700,550;38

